1 0.15694444444444444 0.5451388888888888 0.13055555555555556 0.4791666666666667
1 0.8958333333333334 0.5104166666666666 0.10277777777777777 0.4722222222222222
1 0.4708333333333333 0.3506944444444444 0.11944444444444445 0.2222222222222222
1 0.5777777777777777 0.3229166666666667 0.12777777777777777 0.2638888888888889
1 0.09444444444444444 0.4756944444444444 0.1 0.5555555555555556
1 0.3138888888888889 0.5677083333333334 0.15 0.5381944444444444
1 0.35 0.3541666666666667 0.11666666666666667 0.22916666666666666
1 0.6305555555555555 0.6579861111111112 0.18888888888888888 0.2881944444444444
1 0.8041666666666667 0.3263888888888889 0.10833333333333334 0.2569444444444444
1 0.7277777777777777 0.3368055555555556 0.09444444444444444 0.22916666666666666
1 0.6513888888888889 0.3177083333333333 0.09166666666666666 0.2534722222222222
1 0.8041666666666667 0.453125 0.10833333333333334 0.5104166666666666
1 0.24861111111111112 0.3854166666666667 0.11944444444444445 0.20833333333333334
