1 0.3736111111111111 0.4236111111111111 0.19722222222222222 0.5277777777777778
1 0.8708333333333333 0.5572916666666666 0.09722222222222222 0.4479166666666667
1 0.2652777777777778 0.5850694444444444 0.18611111111111112 0.3854166666666667
1 0.11805555555555555 0.5486111111111112 0.14166666666666666 0.4513888888888889
1 0.19305555555555556 0.5190972222222222 0.11388888888888889 0.4756944444444444
1 0.5291666666666667 0.5364583333333334 0.18055555555555555 0.46875
1 0.6777777777777778 0.4895833333333333 0.16111111111111112 0.5069444444444444
1 0.5861111111111111 0.5364583333333334 0.18888888888888888 0.4756944444444444
1 0.19583333333333333 0.375 0.10833333333333334 0.18055555555555555
1 0.6916666666666667 0.4236111111111111 0.1388888888888889 0.5138888888888888
