1 0.38055555555555554 0.390625 0.11666666666666667 0.3506944444444444
1 0.9208333333333333 0.5347222222222222 0.075 0.4027777777777778
1 0.5194444444444445 0.5520833333333334 0.21666666666666667 0.3888888888888889
1 0.12777777777777777 0.6336805555555556 0.13333333333333333 0.4131944444444444
1 0.22777777777777777 0.2552083333333333 0.1 0.1840277777777778
1 0.3138888888888889 0.25 0.09444444444444444 0.19444444444444445
1 0.7111111111111111 0.2552083333333333 0.07777777777777778 0.1076388888888889
1 0.06388888888888888 0.6319444444444444 0.044444444444444446 0.4097222222222222
1 0.09305555555555556 0.2586805555555556 0.09166666666666666 0.1909722222222222
1 0.48333333333333334 0.546875 0.16111111111111112 0.3715277777777778
