1 0.2111111111111111 0.7447916666666666 0.16111111111111112 0.19791666666666666
1 0.1763888888888889 0.3246527777777778 0.14166666666666666 0.2743055555555556
1 0.5527777777777778 0.3559027777777778 0.1388888888888889 0.19791666666666666
1 0.3972222222222222 0.3125 0.15555555555555556 0.2847222222222222
1 0.6805555555555556 0.3159722222222222 0.13333333333333333 0.2638888888888889
1 0.7944444444444444 0.328125 0.10555555555555556 0.22569444444444445
1 0.1111111111111111 0.6354166666666666 0.12777777777777777 0.4097222222222222
1 0.4791666666666667 0.6024305555555556 0.25833333333333336 0.46875
1 0.8722222222222222 0.2986111111111111 0.1111111111111111 0.2638888888888889
1 0.1125 0.3732638888888889 0.11388888888888889 0.17708333333333334
1 0.9041666666666667 0.484375 0.10277777777777777 0.5798611111111112
1 0.5555555555555556 0.5034722222222222 0.14444444444444443 0.4930555555555556
1 0.5625 0.5833333333333334 0.14722222222222223 0.3958333333333333
