1 0.7694444444444445 0.515625 0.12777777777777777 0.46875
1 0.4638888888888889 0.6059027777777778 0.19444444444444445 0.3993055555555556
1 0.28194444444444444 0.609375 0.13055555555555556 0.4548611111111111
1 0.8180555555555555 0.3055555555555556 0.16944444444444445 0.2916666666666667
1 0.25555555555555554 0.3559027777777778 0.1111111111111111 0.2326388888888889
1 0.5055555555555555 0.3350694444444444 0.09444444444444444 0.2465277777777778
1 0.09305555555555556 0.3229166666666667 0.10277777777777777 0.3333333333333333
1 0.5861111111111111 0.3454861111111111 0.08888888888888889 0.2326388888888889
1 0.35 0.4149305555555556 0.1 0.3576388888888889
1 0.6597222222222222 0.3350694444444444 0.11944444444444445 0.2465277777777778
1 0.43194444444444446 0.3107638888888889 0.09166666666666666 0.21875
1 0.14444444444444443 0.3923611111111111 0.1388888888888889 0.22916666666666666
1 0.14166666666666666 0.4739583333333333 0.14444444444444443 0.3993055555555556
1 0.35 0.3489583333333333 0.1 0.2326388888888889
